11 0.073 0.6182669789227166 0.142 0.08430913348946135
11 0.078 0.2388758782201405 0.144 0.08899297423887588
11 0.073 0.4274004683840749 0.134 0.08665105386416862
11 0.066 0.8056206088992974 0.12 0.08430913348946135
11 0.225 0.7927400468384075 0.15 0.0585480093676815
11 0.234 0.4180327868852459 0.16 0.09601873536299765
11 0.236 0.04918032786885246 0.156 0.08430913348946135
11 0.236 0.6042154566744731 0.156 0.0936768149882904
11 0.242 0.23185011709601874 0.156 0.08899297423887588
11 0.41 0.7857142857142857 0.16 0.07259953161592506
11 0.414 0.22365339578454332 0.164 0.09601873536299765
11 0.412 0.468384074941452 0.156 0.10772833723653395
11 0.415 0.6018735362997658 0.162 0.0936768149882904
11 0.419 0.04566744730679157 0.146 0.06323185011709602
11 0.461 0.9613583138173302 0.102 0.053864168618266976
11 0.584 0.5901639344262295 0.16 0.0936768149882904
11 0.581 0.7786885245901639 0.15 0.07259953161592506
11 0.585 0.22131147540983606 0.154 0.11007025761124122
11 0.583 0.4613583138173302 0.15 0.10304449648711944
11 0.586 0.04332552693208431 0.148 0.07259953161592506
11 0.608 0.9508196721311475 0.14 0.07494145199063232
11 0.749 0.21662763466042154 0.154 0.09133489461358314
11 0.747 0.39695550351288056 0.15 0.09601873536299765
11 0.753 0.5843091334894613 0.154 0.07259953161592506
11 0.759 0.7634660421545667 0.154 0.06557377049180328
11 0.748 0.9508196721311475 0.068 0.07962529274004684
11 0.913 0.38875878220140514 0.15 0.09836065573770492
11 0.914 0.5702576112412178 0.152 0.08196721311475409
11 0.919 0.20725995316159251 0.146 0.11475409836065574
11 0.924 0.7505854800936768 0.136 0.09133489461358314
